# "AlphaS","Q0","C1","C2","Tau0","C3"
0.102728167336848 9.82629314763435 0.00973894595659224 0.195650502574417 1.49794701033616 4.69900688666315
0.463230631234656 3.63434522896033 0.924224572181755 0.231963679861403 0.349377606779851 0.224034406568886
0.246896016307391 2.19037755751684 0.0481382357279123 0.107433982316268 0.689169524113813 2.5390230921279
0.376615603100638 8.92953282656961 6.47486397211261 6.5524703199843 1.26400677550417 21.4289702890037
0.305987751303179 5.84300150154883 0.150356838453307 0.536924895347172 1.02115650480591 0.126210695864116
0.218740225053494 1.63021863125203 0.0258537046651418 0.00901840530053813 0.179987213319214 19.545453208225
0.360956902558135 6.55763250829859 0.319607011822703 8.57949986046216 1.46948852334111 0.0698314246187551
0.434535630336509 8.038128876742 0.0290797859496269 0.0186420732638441 0.129562976665623 18.7526133501607
0.156424333997673 1.57831406926898 1.53625408182393 3.43652396732949 0.579101332108598 18.5658436564417
0.44396787764252 4.98000223088223 0.330234425988541 0.00802096097138699 1.44439725481306 0.243547265569962
0.215050890958222 8.49385803875375 0.792345733761203 3.96074323232123 0.1723880865605 6.80731632473211
0.132797099315115 5.96351626571019 1.97485774592743 0.0121232212166259 0.71658607654407 0.232710874690745
0.498310755096825 3.80272437064962 0.0509513470712449 1.49456676156884 0.942867093971494 21.1696901182267
0.259695252473778 9.05299041127512 1.05049858288192 0.794536851824875 0.243986352572257 0.0976676429054023
0.25793948841936 3.78614667208259 0.0480878886802087 0.052042286258864 1.34290039143349 47.8297017304361
0.365375036273191 1.57622438132954 0.0128248917471496 2.89211390774374 0.621171659688781 0.0918269608946568
0.178543115477942 8.76516572696351 2.77163115893569 0.0207896502348824 0.598369048706261 87.323427641201
0.397943994334897 8.50569466943407 0.0155996821595805 5.24668059128601 0.717261703018403 7.54571530054913
0.216332152007129 1.26256828311129 6.77939216416478 0.0377015133786468 0.823939174209098 0.433968891379677
0.185648518494165 8.41564192534399 0.0146286308745105 0.037775694509306 0.322840491113443 0.547018041882196
0.438627798762214 2.12408394459386 5.09531700883758 2.30520788536411 1.05309332530601 7.50463714325317
0.16111786309629 8.85667576770815 0.364731857080982 4.36593352238619 0.999385972715735 2.91314384984233
0.467577315836982 3.82036718765745 0.844403479411925 0.0162921475535625 0.149196057554237 7.11211435900418
0.332372447984073 7.00162177343035 0.0138170129072283 0.046797942367257 1.33085769679174 1.58163394191846
0.26364691410277 3.14382669630356 1.88725164510496 0.749095780245643 0.182561991856424 17.930107242486
0.483118938709796 9.16256675677246 0.727907451845763 0.0417066690731103 0.855613414010044 0.196592514094446
0.11632876244925 1.40291145863234 0.00740176505668931 0.281540210447652 0.57656141462863 0.190456759054555
0.22837869827608 4.93925114782037 5.03480170124963 0.253741999959631 1.20637540657288 62.3021962043079
0.457519843011402 6.64871439542966 0.596331304141777 4.59563547872043 0.239088994861258 0.486621597060064
0.227538912359776 6.78298160623429 0.0242297570240605 0.0572729195102318 0.515277461633132 59.6292092194687
0.166764958336619 2.26909675901269 0.761462561839755 0.699786839250912 1.30541843886488 0.0664219127212167
0.427344589988827 9.83181178570702 0.273644868212331 0.331406897050616 0.860164869708654 25.7369893735575
0.24644834988355 2.77064038743045 0.452915813843816 0.0362343615287132 0.0437915716279283 0.0562624736559883
0.232998764443084 3.8729856885008 0.0170356368450566 7.89249574881909 0.780297922896608 85.6582408212976
0.147977968084294 9.95683079646871 4.90124162999335 0.0691183888700274 0.863727712758319 0.307485765743419
0.467240992245997 1.27227021401094 0.0398935990746124 0.0629566216562004 0.444563589500707 5.59525918993049
0.373312217759434 5.11639515308327 3.34212446455545 0.154561149214073 1.2645312465723 0.753948337240515
0.113023867930881 6.7486810069355 0.190842040389374 0.158765047829678 0.110017584369408 14.3284610235696
0.40464695991236 7.95189763076178 0.010402842948815 1.22792687772994 0.950424167485792 0.0690013500259365
0.411169738248161 5.36525015289179 2.26927462415974 0.0134929739817203 1.07867554105372 45.3216856372555
0.123138709160015 3.85310120900776 4.7599645937522 2.23794579252259 0.653451289756162 0.791451231581466
0.293519748384597 3.00698242922536 0.026546824741452 0.00898106457819024 1.35996627719387 0.619195186356592
0.483352168098544 5.85307477214 0.239453206368197 2.05424730206141 0.0274473837060322 18.9141899819957
0.158382571815295 6.48791550547665 0.0692562175386582 0.235328624914124 1.15641523494486 0.883562756843288
0.369885458705447 2.93058879237492 1.49228655852976 8.01840478274918 0.508040475853865 1.0502817741954
0.247277858301412 8.58714469882865 0.147786619907552 0.0141767247310216 1.39465960501168 50.1318207220924
0.45695818491922 4.70794588706721 0.0284933713200827 0.0173342378846727 0.162560866831619 0.135858581347793
0.121293001372253 5.83909730440325 0.548297827917094 6.84555508463536 1.41130670413437 31.3058272717545
0.296559013506281 4.51335662490535 0.0439863524140331 3.40187154877682 0.125461185926807 4.48306468527144
0.32356936225974 7.70747040546166 6.90719998292296 0.0109980967031464 0.328176443479749 0.975391584375928
0.38312385276281 2.41541620225269 0.00749945560372016 1.39273868991664 1.4637395188824 4.0983138656497
0.155888936128274 4.31089111858477 1.42562551111405 0.0118698096455893 0.512483008198156 24.7895588873656
0.331622285485352 6.91549199816043 8.7484379630206 1.92277761343518 0.802799139730553 0.165651797062858
0.206342840238265 7.03814790964643 0.00694988225351975 2.13305228039394 0.338914066362617 1.62961660124735
0.313219349668718 1.16572106915672 1.46029525385959 0.139841211042198 1.14434680856206 1.67670424097824
0.49947213678981 8.71951514302423 0.0290347298467647 0.0294022589325115 0.745792879325656 7.73034197739236
0.17012819404298 5.13806053486322 1.56295207200716 1.41247512810417 0.0302417575433617 0.0619582989578887
0.349944030689426 1.66884658097764 0.236239561084696 0.471787234771133 0.840576115792255 79.4597147369316
0.2389623651085 9.57672058392907 0.0652294540949862 0.0253139222381943 1.01704270278194 0.134135758125549
0.394216590001838 7.1011177318338 8.46098635583244 0.139639979912631 0.204682775579987 15.0086386854083
