# "AlphaS","Q0","C1","C2","Tau0","C3"
0.484889068725007 8.9946615153183 0.0351844433473452 9.91379789759798 0.305788205564872 4.9945014255911
0.199569153100736 3.01876148217094 7.89693962666463 0.0181241346903491 0.77466257629291 0.337873106126287
0.344891813261005 1.98969598600524 0.455967294307011 0.304790659763956 0.48288786148645 0.175719821389744
0.289592897254427 4.97063599329126 0.024518149830052 1.79207239406874 1.06744395402222 30.6264319869977
0.379892129712076 7.47225502024478 0.566884909214308 0.0105320552037389 0.102604178187216 0.619519978220102
0.245148077952182 2.80749283917388 1.04614922311867 2.07168847115113 1.33860959118196 0.258392138071723
0.396871104541288 9.51552558940245 0.497056434491436 0.0189862813902777 1.12352287020168 5.88990849892529
0.31907108333136 1.92888029018889 6.34632955538286 4.17029196551316 0.0193663917307505 0.698793673582149
0.251596138778757 2.65885000096167 0.026649795738146 0.0555074201694459 1.05036413076558 0.415190929471107
0.231849891125757 9.77129782524399 0.694603751985889 0.42308462072126 0.101075210631168 61.4801616823129
0.487232872630602 3.94264984865834 0.206928221256079 0.169358845549446 1.42610982690333 1.79241361873822
0.162540079466387 2.80315909105493 0.0322449304105953 3.96024754046937 0.42613070113678 3.15098123202963
0.361959914721431 8.86595750403381 4.23097406198399 0.709623311622153 1.21015755785797 0.0786326557524734
0.393220479668924 1.98525083289204 0.0284120950975463 0.0377967424284912 0.298764929719541 28.2469480461626
0.106004926003486 7.98610583911604 0.0913989289809816 0.750153376241685 0.664624374523247 0.525869503892436
0.470491134891664 5.15599079482282 3.78074720588988 0.343862364942381 0.509187457462468 7.46114556928591
0.264125316171383 6.54724139644918 0.0181485173115756 0.00924459152449233 0.369833344962687 0.0885839399409862
0.197081183063607 3.99908863242038 3.56693916809389 2.17753167005498 1.06031157847914 55.8802175044115
0.3847015437997 8.04726656670442 0.0143687317251298 3.76394077722505 1.0544529701386 0.321168509242856
0.167845129293269 4.72670114620547 0.0402019288581664 0.0129671034507105 0.80019955995917 69.6996480693698
