# "AlphaS","Q0","C1","C2","Tau0","C3"
0.345517084852815 9.79859014938623 0.0110448175142605 0.0462742796267642 0.008848863727541 30.9649222363387
0.278072697982355 3.25538919692861 2.70021105562083 2.25725217811173 1.21505343760678 0.163323755455115
0.200810426540426 7.78263453257967 0.0887724395814115 0.312987144351747 1.1765631558374 1.93748734615444
0.484166697530421 1.01305930526129 4.20243289399799 0.0198108852481229 0.213702836384502 6.43590035972268
0.304433434758976 4.00338766244404 0.0163836289230489 0.634622080550315 1.20745531521578 21.5347919511077
0.201553172395175 9.01695454037571 0.262010743706387 0.0298759820458305 0.469334031531486 0.0733961832117009
0.353947961925366 3.69942094954176 0.0570215439533768 2.79157199229097 0.206410524292013 11.9812624215891
0.474925223763603 7.92392530745256 5.6874210014724 0.150680552236918 1.14554010521699 1.21889846105052
0.139279686796404 3.47701200370318 0.0464138587109642 0.283723609839053 0.705745298278739 3.90944599973068
0.400286548977678 9.81972383597031 2.54996278595067 4.99801653099476 0.503653790466031 0.0839948097500594
0.303238508864735 3.70854491444769 2.66430630523181 0.0109566270349562 0.868879368279672 22.0001876195541
0.400529810586635 2.88123944707933 0.0102425065560272 1.10093622831481 1.37389187392039 0.602172465439441
0.232275842641993 9.01500246220538 1.14239523489259 3.34323357091514 1.06580116064112 20.4890261141568
0.289996716153769 5.1345368374975 0.113434987407485 0.00959041249938322 0.0408693508661813 9.93772324854433
0.358645702565759 8.1287424256806 0.0527493498776923 5.79558056674896 1.14068704335836 0.08771959258956
0.183582797394727 2.81053464200991 1.87759640580095 0.985998666998816 0.11233560641366 58.7948523191002
0.469402873954545 9.73793684044059 0.0388172139923403 0.0121759209570991 1.33507270455466 0.915042557585982
0.451689898603548 2.7639535931587 0.568958552173179 0.0314007550961517 0.369807878629056 0.122748800128106
0.128056599266841 9.56178400131559 0.020487095933057 2.52658712251141 0.39351298905873 8.7115448467856
0.154306710290818 1.22918527804319 1.80768145011493 0.00891189241446501 1.40251862348774 0.210278771340758
0.454093865249878 7.83709831261622 0.0275849637372057 4.52937635046037 0.34793006368606 19.2656377607147
0.248171276809551 9.7653425128717 4.05254025365324 0.0347599368121512 0.756566114351682 4.86489435609042
0.236476954353493 2.21276685812766 0.0128232244047125 5.32735426039745 0.480860983737498 0.136246655812289
0.427197870134018 2.88811388456711 0.0666052835816397 0.00829946824172166 1.0491674965157 12.6437414019387
0.149966384832979 6.07175739909084 4.93285899181422 0.760088831706004 0.813642281058023 0.782439592748113
0.416430716238103 3.33985975131074 0.0167323551634611 0.139789034366495 0.197795013463666 41.9850447559717
0.470959475995 3.49430554014426 9.78796127265762 9.38035630791966 0.938766971537346 4.525429293319
0.153931572190311 8.04098414724918 0.0224012153693214 0.0111208643377479 0.993821827897683 1.46026153835755
0.447941571555859 8.57741307719003 4.45569170810601 0.0399726208219183 0.18330691783646 0.309515102589712
0.141223953893283 1.41991567679751 0.0448078773675001 1.34886340386884 1.29989814235749 14.6392421329972
0.454751485625522 7.71450993262946 0.0920378443241378 0.496350011093918 0.540725054413461 0.271181692555565
0.272946938477896 5.71403571686701 0.680725534611176 3.4474336631721 0.752089050641869 36.260823727807
0.438128133792551 3.6766532109542 1.40164346434803 0.0300095284138478 1.21331137379823 0.193721929579226
0.143253068335744 6.05368967378381 0.0525350436323508 1.00713205227532 0.250365490774428 0.190406916535861
0.440770884354956 9.8983431033352 0.0568612848816174 3.06225402529068 1.23853370305419 13.4601735481771
0.176777979896632 1.46563759682996 0.34183693376438 0.0214065766727486 0.122731602031714 1.375996634528
0.253021013833864 8.22306971499032 6.89954335560215 1.53335693260205 1.45364844160453 0.513632788078157
0.495634482513743 3.14689200667711 0.259079387573806 0.135982277111602 0.119498347521873 5.56495384476708
0.120132327206263 8.33667703252158 0.132246255588721 0.012287021226192 1.45819434519835 88.7597585666591
0.406394890937033 2.65479318394461 0.330357502408525 3.52161265738615 0.86967448213391 0.0875372952070283
0.396322411205533 9.16896242468337 1.16472966187194 0.0174479900477444 0.520656688331658 55.1116992368932
0.120434524968529 4.59306162691001 0.0412789017070619 5.33808126341583 1.21106884244384 0.159923880145743
0.372093590803256 5.26125119875699 0.0145256596907293 0.0274106467975572 0.21745021927554 0.0739324396892665
0.347753150117157 3.83011018877086 7.43508414011179 0.443213767010222 1.11303644724124 39.6498550724759
0.34285370590473 9.41034002357263 0.0491705616365679 6.96200368633949 0.497921802915259 1.9511380517063
0.162690594162602 3.64220009947668 2.12476621627439 0.139518910909911 0.300777795242075 0.0833244250888813
0.355933316947549 7.88254116731563 0.00929770028043521 0.0308715889623215 1.06559432005228 40.960962715153
0.300656059028133 5.81998098123534 6.10618539839353 0.277556934976477 0.195990779544868 0.816810245721885
0.195770032464869 3.27160232411578 0.0125882169067265 0.286906873978965 0.358794263616949 75.8228388613199
0.29966359657704 7.16483420874129 1.75184374984316 0.0130677955319021 1.37198576956125 0.150791049567055
0.439731219394747 3.90386620754348 0.218818910730232 3.25279474401744 1.4295892339832 92.3203317898899
0.104791880988397 7.35742629096939 0.880902371092471 0.139736498448908 0.0990254822581912 4.66011821248993
0.446712618646995 1.41729118916954 0.00999792401320769 0.0609775287378267 0.87148538801761 1.28969786351799
0.122533267779439 5.15784529382856 2.33944646669805 6.91534272534804 1.19908838008691 5.86496863413559
0.489988391101232 9.95538888860742 0.0906204316434823 0.0979947005083893 0.150781102126567 0.265371262504688
0.149156175565212 1.02267588210813 1.37556092240985 0.0800625604660324 0.753382407416803 25.9536549596405
0.462279429391697 8.93058376947941 1.41249685871095 1.1935908394777 0.0987125617563132 12.1433200724093
0.233371118295175 5.08765634405311 0.0175264161766732 0.0408136030181981 1.23550150655367 0.138370518613422
0.348221542881268 3.68753173414994 3.00527620043707 5.28988222119569 0.0843187472685229 0.399551856432423
0.411266328122962 8.54490646696723 0.127993267010236 0.0263476609847728 0.985022506970241 11.9019268328619
